5
0 15 0 1 0
0 0 4 0 6
0 5 0 6 1
0 0 0 0 9
0 0 0 0 0
9
0 36 0 0 39 145 0 7 0 
0 0 100 0 0 0 83 0 0 
0 0 0 87 0 77 0 0 53
0 0 0 0 0 37 0 0 900 
0 0 0 39 0 0 0 0 26
75 89 0 0 0 0 0 0 0 
0 0 0 0 51 0 0 61 0 
0 99 0 89 0 0 0 0 0 
0 0 0 0 0 0 0 0 0
9
0 34 62 86 39 18 3 36 40 
0 0 0 0 0 3 83 36 24 
95 0 0 87 66 77 0 30 87 
0 0 79 0 0 37 27 0 12 
0 0 0 39 0 0 48 0 0 
0 0 90 3 83 0 13 0 80 
0 0 0 4 0 0 0 61 26 
0 99 13 0 81 62 0 0 79 
85 25 53 0 0 0 0 0 0 
6
0 2 2 0 0 0
0 0 0 1 2 0
0 0 0 2 0 0
0 0 0 0 0 2
0 0 0 0 0 2
0 0 0 0 0 0
4
0 2 3 0
0 0 1 1
0 0 0 5
0 0 0 0
